79
-2.025 -0.475 0
-1.975 -0.475 0
-1.925 -0.475 0
-1.875 -0.475 0
-1.825 -0.475 0
-1.775 -0.475 0
-1.725 -0.475 0
-1.675 -0.475 0
-1.625 -0.475 0
-1.575 -0.475 0
-1.525 -0.475 0
-1.475 -0.475 0
-1.425 -0.475 0
-1.375 -0.475 0
-1.325 -0.475 0
-1.275 -0.475 0
-1.225 -0.475 0
-1.175 -0.475 0
-1.125 -0.475 0
-1.075 -0.475 0
-1.025 -0.475 0
-0.975 -0.475 0
-0.925 -0.475 0
-0.875 -0.475 0
-0.825 -0.475 0
-0.775 -0.475 0
-0.725 -0.475 0
-0.675 -0.475 0
-0.625 -0.475 0
-0.575 -0.475 0
-0.525 -0.475 0
-0.475 -0.475 0
-0.425 -0.475 0
-0.375 -0.475 0
-0.325 -0.475 0
-0.275 -0.475 0
-0.225 -0.475 0
-0.175 -0.475 0
-0.125 -0.475 0
-0.0749999 -0.475 0
-0.0249999 -0.475 0
0.0250001 -0.475 0
0.0750002 -0.475 0
0.125 -0.475 0
0.175 -0.475 0
0.225 -0.475 0
0.275 -0.475 0
0.325 -0.475 0
0.375 -0.475 0
0.425 -0.475 0
0.475 -0.475 0
0.525 -0.475 0
0.575 -0.475 0
0.625 -0.475 0
0.675 -0.475 0
0.725 -0.475 0
0.775 -0.475 0
0.825 -0.475 0
0.875 -0.475 0
0.925 -0.475 0
0.975 -0.475 0
1.025 -0.475 0
1.075 -0.475 0
1.125 -0.475 0
1.175 -0.475 0
1.225 -0.475 0
1.275 -0.475 0
1.325 -0.475 0
1.375 -0.475 0
1.425 -0.475 0
1.475 -0.475 0
1.525 -0.475 0
1.575 -0.475 0
1.625 -0.525 0
1.675 -0.525 0
1.725 -0.525 0
1.775 -0.575 0
1.825 -0.575 0
1.825 -0.575 0
